0	0.00012207
0.5	0.00012207
1	0.00012207
1.5	0.00012207
2	0.00012207
2.5	0.00012207
3	0.00012207
3.5	0.00012207
4	0.00012207
4.5	0.00012207
5	0.00012207
5.5	0.00012207
6	0.00012207
6.5	0.00012207
7	0.00012207
7.5	0.00012207
8	0.00012207
8.5	0.00012207
9	0.00012207
9.5	0.00012207
10	0.00012207
10.5	0.00012207
11	0.00012207
11.5	0.00012207
12	0.00012207
12.5	0.00012207
13	0.00012207
13.5	0.00012207
14	0.00012207
14.5	0.00012207
15	0.00012207
15.5	0.00012207
16	0.00012207
16.5	9.79256e-42
17	9.79256e-42
17.5	8.78881e-43
18	8.78881e-43
18.5	1.05942e-43
19	1.05942e-43
19.5	1.23309e-43
20	1.23309e-43
20.5	8.92408e-44
21	8.92408e-44
21.5	7.07702e-44
22	7.07702e-44
22.5	2.98293e-44
23	2.98293e-44
23.5	2.63056e-44
24	2.63056e-44
24.5	2.92071e-44
25	2.92071e-44
25.5	1.14284e-44
26	1.14284e-44
26.5	1.18554e-44
27	1.18554e-44
27.5	9.36495e-45
28	9.36495e-45
28.5	5.21536e-45
29	5.21536e-45
29.5	6.06564e-45
30	6.06564e-45
30.5	2.77706e-45
31	2.77706e-45
31.5	3.00917e-45
32	3.00917e-45
32.5	2.98931e-45
33	2.98931e-45
33.5	1.89092e-45
34	1.89092e-45
34.5	2.00362e-45
35	2.00362e-45
35.5	1.70044e-45
36	1.70044e-45
36.5	1.46441e-45
37	1.46441e-45
37.5	1.6423e-45
38	1.6423e-45
38.5	5.25448e-46
39	5.25448e-46
39.5	6.88125e-46
40	6.88125e-46
40.5	6.70732e-46
41	6.70732e-46
41.5	4.34105e-46
42	4.34105e-46
42.5	3.75569e-46
43	3.75569e-46
43.5	4.88096e-46
44	4.88096e-46
44.5	3.85119e-46
45	3.85119e-46
45.5	3.46413e-46
46	3.46413e-46
46.5	3.63062e-46
47	3.63062e-46
47.5	2.11272e-46
48	2.11272e-46
48.5	2.95938e-46
49	2.95938e-46
49.5	2.92406e-46
50	2.92406e-46
50.5	1.90903e-46
51	1.90903e-46
51.5	2.47395e-46
52	2.47395e-46
52.5	2.5562e-46
53	2.5562e-46
53.5	2.52604e-46
54	2.52604e-46
54.5	3.13987e-46
55	3.13987e-46
55.5	2.32438e-46
56	2.32438e-46
56.5	3.10871e-46
57	3.10871e-46
57.5	5.42001e-46
58	5.42001e-46
58.5	4.8996e-46
59	4.8996e-46
59.5	2.72732e-46
60	2.72732e-46
60.5	3.19024e-46
61	3.19024e-46
61.5	1.97841e-46
62	1.97841e-46
62.5	2.45968e-46
63	2.45968e-46
63.5	2.5076e-46
64	2.5076e-46
64.5	1.29125e-46
65	1.29125e-46
65.5	2.83534e-46
66	2.83534e-46
66.5	2.42597e-46
67	2.42597e-46
67.5	1.91373e-46
68	1.91373e-46
68.5	1.98527e-46
69	1.98527e-46
69.5	1.85981e-46
70	1.85981e-46
70.5	1.59019e-46
71	1.59019e-46
71.5	1.28162e-46
72	1.28162e-46
72.5	1.53842e-46
73	1.53842e-46
73.5	3.72229e-46
74	3.72229e-46
74.5	1.73463e-46
75	1.73463e-46
75.5	1.23595e-46
76	1.23595e-46
76.5	1.33271e-46
77	1.33271e-46
77.5	1.29691e-46
78	1.29691e-46
78.5	1.1125e-46
79	1.1125e-46
79.5	1.26897e-46
80	1.26897e-46
80.5	1.29115e-46
81	1.29115e-46
81.5	1.51377e-46
82	1.51377e-46
82.5	1.26818e-46
83	1.26818e-46
83.5	1.23557e-46
84	1.23557e-46
84.5	1.53259e-46
85	1.53259e-46
85.5	1.48871e-46
86	1.48871e-46
86.5	1.7823e-46
87	1.7823e-46
87.5	1.42847e-46
88	1.42847e-46
88.5	9.78121e-47
89	9.78121e-47
89.5	9.52773e-47
90	9.52773e-47
90.5	6.31376e-47
91	6.31376e-47
91.5	1.05185e-46
92	1.05185e-46
92.5	7.70795e-47
93	7.70795e-47
93.5	9.4984e-47
94	9.4984e-47
94.5	7.58004e-47
95	7.58004e-47
95.5	8.42189e-47
96	8.42189e-47
96.5	9.69241e-47
97	9.69241e-47
97.5	7.69305e-47
98	7.69305e-47
98.5	6.56855e-47
99	6.56855e-47
99.5	5.09703e-47
100	5.09703e-47
100.5	8.13059e-47
101	8.13059e-47
101.5	7.04332e-47
102	7.04332e-47
102.5	7.38744e-47
103	7.38744e-47
103.5	7.62827e-47
104	7.62827e-47
104.5	6.55235e-47
105	6.55235e-47
105.5	5.5909e-47
106	5.5909e-47
106.5	6.92957e-47
107	6.92957e-47
107.5	7.00514e-47
108	7.00514e-47
108.5	7.06543e-47
109	7.06543e-47
109.5	7.32388e-47
110	7.32388e-47
110.5	8.02087e-47
111	8.02087e-47
111.5	5.20048e-47
112	5.20048e-47
112.5	7.44412e-47
113	7.44412e-47
113.5	9.87412e-47
114	9.87412e-47
114.5	8.87357e-47
115	8.87357e-47
115.5	1.05462e-46
116	1.05462e-46
116.5	1.20408e-46
117	1.20408e-46
117.5	1.1064e-46
118	1.1064e-46
118.5	7.54529e-47
119	7.54529e-47
119.5	1.01725e-46
120	1.01725e-46
120.5	8.24994e-47
121	8.24994e-47
121.5	7.17968e-47
122	7.17968e-47
122.5	6.61333e-47
123	6.61333e-47
123.5	5.85e-47
124	5.85e-47
124.5	7.26547e-47
125	7.26547e-47
125.5	7.64093e-47
126	7.64093e-47
126.5	6.59519e-47
127	6.59519e-47
127.5	6.62453e-47
128	6.62453e-47
128.5	6.01323e-47
129	6.01323e-47
129.5	7.31488e-47
130	7.31488e-47
130.5	6.55348e-47
131	6.55348e-47
131.5	5.84951e-47
132	5.84951e-47
132.5	7.50871e-47
133	7.50871e-47
133.5	8.65522e-47
134	8.65522e-47
134.5	6.17921e-47
135	6.17921e-47
135.5	9.37719e-47
136	9.37719e-47
136.5	7.5041e-47
137	7.5041e-47
137.5	6.27694e-47
138	6.27694e-47
138.5	4.67802e-47
139	4.67802e-47
139.5	6.17841e-47
140	6.17841e-47
140.5	7.53325e-47
141	7.53325e-47
141.5	6.26345e-47
142	6.26345e-47
142.5	5.73239e-47
143	5.73239e-47
143.5	5.97855e-47
144	5.97855e-47
144.5	6.15456e-47
145	6.15456e-47
145.5	5.14139e-47
146	5.14139e-47
146.5	5.22335e-47
147	5.22335e-47
147.5	7.00277e-47
148	7.00277e-47
148.5	7.89139e-47
149	7.89139e-47
149.5	6.66515e-47
150	6.66515e-47
150.5	6.12774e-47
151	6.12774e-47
151.5	8.3419e-47
152	8.3419e-47
152.5	5.49623e-47
153	5.49623e-47
153.5	5.64468e-47
154	5.64468e-47
154.5	6.71127e-47
155	6.71127e-47
155.5	5.82471e-47
156	5.82471e-47
156.5	4.31428e-47
157	4.31428e-47
157.5	7.25454e-47
158	7.25454e-47
158.5	5.61815e-47
159	5.61815e-47
159.5	4.80645e-47
160	4.80645e-47
160.5	8.03034e-47
161	8.03034e-47
161.5	6.11259e-47
162	6.11259e-47
162.5	6.38684e-47
163	6.38684e-47
163.5	6.48708e-47
164	6.48708e-47
164.5	4.87109e-47
165	4.87109e-47
165.5	5.83977e-47
166	5.83977e-47
166.5	4.51088e-47
167	4.51088e-47
167.5	5.91432e-47
168	5.91432e-47
168.5	5.00383e-47
169	5.00383e-47
169.5	5.28674e-47
170	5.28674e-47
170.5	6.38512e-47
171	6.38512e-47
171.5	6.0166e-47
172	6.0166e-47
172.5	5.10753e-47
173	5.10753e-47
173.5	6.30113e-47
174	6.30113e-47
174.5	7.14603e-47
175	7.14603e-47
175.5	4.97117e-47
176	4.97117e-47
176.5	5.85813e-47
177	5.85813e-47
177.5	5.99036e-47
178	5.99036e-47
178.5	6.74409e-47
179	6.74409e-47
179.5	4.4261e-47
180	4.4261e-47
180.5	1.10765e-46
181	1.10765e-46
181.5	6.08948e-47
182	6.08948e-47
182.5	7.24134e-47
183	7.24134e-47
183.5	6.40347e-47
184	6.40347e-47
184.5	6.17055e-47
185	6.17055e-47
185.5	6.68875e-47
186	6.68875e-47
186.5	5.12536e-47
187	5.12536e-47
187.5	6.25112e-47
188	6.25112e-47
188.5	5.27358e-47
189	5.27358e-47
189.5	7.43086e-47
190	7.43086e-47
190.5	4.98086e-47
191	4.98086e-47
191.5	5.60839e-47
192	5.60839e-47
192.5	5.12015e-47
193	5.12015e-47
193.5	5.01992e-47
194	5.01992e-47
194.5	6.46665e-47
195	6.46665e-47
195.5	1.0738e-46
196	1.0738e-46
196.5	5.42793e-47
197	5.42793e-47
197.5	5.02808e-47
198	5.02808e-47
198.5	4.48182e-47
199	4.48182e-47
199.5	4.23249e-47
200	4.23249e-47
200.5	5.6911e-47
201	5.6911e-47
201.5	6.39999e-47
202	6.39999e-47
202.5	5.9932e-47
203	5.9932e-47
203.5	5.76562e-47
204	5.76562e-47
204.5	6.25325e-47
205	6.25325e-47
205.5	5.8113e-47
206	5.8113e-47
206.5	6.87982e-47
207	6.87982e-47
207.5	6.55531e-47
208	6.55531e-47
208.5	6.06412e-47
209	6.06412e-47
209.5	4.50128e-47
210	4.50128e-47
210.5	6.51674e-47
211	6.51674e-47
211.5	6.02836e-47
212	6.02836e-47
212.5	5.71403e-47
213	5.71403e-47
213.5	6.35642e-47
214	6.35642e-47
214.5	4.62987e-47
215	4.62987e-47
215.5	7.743e-47
216	7.743e-47
216.5	7.22963e-47
217	7.22963e-47
217.5	6.05787e-47
218	6.05787e-47
218.5	4.29133e-47
219	4.29133e-47
219.5	4.76204e-47
220	4.76204e-47
220.5	6.17625e-47
221	6.17625e-47
221.5	6.42902e-47
222	6.42902e-47
222.5	5.43017e-47
223	5.43017e-47
223.5	6.18384e-47
224	6.18384e-47
224.5	5.55159e-47
225	5.55159e-47
225.5	4.92455e-47
226	4.92455e-47
226.5	6.13688e-47
227	6.13688e-47
227.5	6.59753e-47
228	6.59753e-47
228.5	6.64545e-47
229	6.64545e-47
229.5	6.82857e-47
230	6.82857e-47
230.5	5.8944e-47
231	5.8944e-47
231.5	5.8174e-47
232	5.8174e-47
232.5	5.12496e-47
233	5.12496e-47
233.5	4.6151e-47
234	4.6151e-47
234.5	5.76266e-47
235	5.76266e-47
235.5	5.86778e-47
236	5.86778e-47
236.5	5.57642e-47
237	5.57642e-47
237.5	6.8735e-47
238	6.8735e-47
238.5	6.25762e-47
239	6.25762e-47
239.5	9.37125e-47
240	9.37125e-47
240.5	5.3039e-47
241	5.3039e-47
241.5	5.5893e-47
242	5.5893e-47
242.5	7.99997e-47
243	7.99997e-47
243.5	1.03527e-46
244	1.03527e-46
244.5	6.63248e-47
245	6.63248e-47
245.5	5.01595e-47
246	5.01595e-47
246.5	7.51285e-47
247	7.51285e-47
247.5	4.99187e-47
248	4.99187e-47
248.5	8.10048e-47
249	8.10048e-47
249.5	5.42817e-47
250	5.42817e-47
250.5	6.04862e-47
251	6.04862e-47
251.5	5.67341e-47
252	5.67341e-47
252.5	5.45332e-47
253	5.45332e-47
253.5	8.32552e-47
254	8.32552e-47
254.5	4.56228e-47
255	4.56228e-47
255.5	5.62397e-47
256	5.62397e-47
256.5	5.15641e-47
257	5.15641e-47
257.5	6.02638e-47
258	6.02638e-47
258.5	5.58129e-47
259	5.58129e-47
259.5	7.10267e-47
260	7.10267e-47
260.5	6.85543e-47
261	6.85543e-47
261.5	9.03076e-47
262	9.03076e-47
262.5	6.22196e-47
263	6.22196e-47
263.5	5.51505e-47
264	5.51505e-47
264.5	6.33699e-47
265	6.33699e-47
265.5	8.73591e-47
266	8.73591e-47
266.5	3.04883e-46
267	3.04883e-46
267.5	7.31579e-47
268	7.31579e-47
268.5	6.3114e-47
269	6.3114e-47
269.5	6.46257e-47
270	6.46257e-47
270.5	6.71578e-47
271	6.71578e-47
271.5	7.13563e-47
272	7.13563e-47
272.5	5.67935e-47
273	5.67935e-47
273.5	6.24965e-47
274	6.24965e-47
274.5	8.06297e-47
275	8.06297e-47
275.5	5.612e-47
276	5.612e-47
276.5	7.82432e-47
277	7.82432e-47
277.5	5.58779e-47
278	5.58779e-47
278.5	4.59082e-47
279	4.59082e-47
279.5	6.78679e-47
280	6.78679e-47
280.5	6.13588e-47
281	6.13588e-47
281.5	7.42128e-47
282	7.42128e-47
282.5	6.86246e-47
283	6.86246e-47
283.5	7.34905e-47
284	7.34905e-47
284.5	6.33464e-47
285	6.33464e-47
285.5	8.27976e-47
286	8.27976e-47
286.5	6.9187e-47
287	6.9187e-47
287.5	7.47578e-47
288	7.47578e-47
288.5	5.56742e-47
289	5.56742e-47
289.5	5.24895e-47
290	5.24895e-47
290.5	7.15207e-47
291	7.15207e-47
291.5	6.92621e-47
292	6.92621e-47
292.5	9.51379e-47
293	9.51379e-47
293.5	6.14149e-47
294	6.14149e-47
294.5	7.39131e-47
295	7.39131e-47
295.5	8.94684e-47
296	8.94684e-47
296.5	6.53444e-47
297	6.53444e-47
297.5	6.92835e-47
298	6.92835e-47
298.5	9.2457e-47
299	9.2457e-47
299.5	5.72274e-46
300	5.72274e-46
300.5	8.11784e-47
301	8.11784e-47
301.5	9.87262e-47
302	9.87262e-47
302.5	6.07082e-47
303	6.07082e-47
303.5	9.34318e-47
304	9.34318e-47
304.5	8.86155e-47
305	8.86155e-47
305.5	3.29764e-46
306	3.29764e-46
306.5	9.46545e-47
307	9.46545e-47
307.5	4.93972e-47
308	4.93972e-47
308.5	1.16309e-46
309	1.16309e-46
309.5	5.79671e-47
310	5.79671e-47
310.5	9.79105e-47
311	9.79105e-47
311.5	7.50422e-47
312	7.50422e-47
312.5	7.49209e-47
313	7.49209e-47
313.5	7.98248e-47
314	7.98248e-47
314.5	3.90783e-47
315	3.90783e-47
315.5	9.03561e-47
316	9.03561e-47
316.5	9.86353e-47
317	9.86353e-47
317.5	1.47946e-46
318	1.47946e-46
318.5	8.44619e-47
319	8.44619e-47
319.5	5.93823e-47
320	5.93823e-47
320.5	7.06116e-47
321	7.06116e-47
321.5	6.25874e-47
322	6.25874e-47
322.5	8.40615e-47
323	8.40615e-47
323.5	7.23325e-47
324	7.23325e-47
324.5	8.08566e-47
325	8.08566e-47
325.5	6.14753e-47
326	6.14753e-47
326.5	6.64534e-47
327	6.64534e-47
327.5	9.55565e-47
328	9.55565e-47
328.5	9.01241e-47
329	9.01241e-47
329.5	4.75725e-47
330	4.75725e-47
330.5	8.28316e-47
331	8.28316e-47
331.5	1.18892e-46
332	1.18892e-46
332.5	7.96701e-47
333	7.96701e-47
333.5	9.40274e-47
334	9.40274e-47
334.5	7.21963e-47
335	7.21963e-47
335.5	1.15364e-46
336	1.15364e-46
336.5	7.65322e-47
337	7.65322e-47
337.5	8.22649e-47
338	8.22649e-47
338.5	9.33478e-47
339	9.33478e-47
339.5	6.94315e-47
340	6.94315e-47
340.5	6.69511e-47
341	6.69511e-47
341.5	6.48041e-47
342	6.48041e-47
342.5	8.30295e-47
343	8.30295e-47
343.5	6.07358e-47
344	6.07358e-47
344.5	6.86503e-47
345	6.86503e-47
345.5	9.13649e-47
346	9.13649e-47
346.5	8.51393e-47
347	8.51393e-47
347.5	7.9733e-47
348	7.9733e-47
348.5	6.05091e-47
349	6.05091e-47
349.5	7.57014e-47
350	7.57014e-47
350.5	7.05139e-47
351	7.05139e-47
351.5	8.92292e-47
352	8.92292e-47
352.5	6.11269e-47
353	6.11269e-47
353.5	8.06056e-47
354	8.06056e-47
354.5	7.432e-47
355	7.432e-47
355.5	6.41097e-47
356	6.41097e-47
356.5	5.95499e-47
357	5.95499e-47
357.5	7.35623e-47
358	7.35623e-47
358.5	8.33831e-47
359	8.33831e-47
359.5	1.39271e-46
360	1.39271e-46
360.5	9.53689e-47
361	9.53689e-47
361.5	7.84954e-47
362	7.84954e-47
362.5	6.93251e-47
363	6.93251e-47
363.5	9.2293e-47
364	9.2293e-47
364.5	7.83695e-47
365	7.83695e-47
365.5	7.60369e-47
366	7.60369e-47
366.5	6.61004e-47
367	6.61004e-47
367.5	7.84151e-47
368	7.84151e-47
368.5	1.13003e-46
369	1.13003e-46
369.5	7.861e-47
370	7.861e-47
370.5	7.86951e-47
371	7.86951e-47
371.5	7.83207e-47
372	7.83207e-47
372.5	1.03901e-46
373	1.03901e-46
373.5	8.20766e-47
374	8.20766e-47
374.5	8.79449e-47
375	8.79449e-47
375.5	7.23117e-47
376	7.23117e-47
376.5	9.17423e-47
377	9.17423e-47
377.5	9.48715e-47
378	9.48715e-47
378.5	1.03135e-46
379	1.03135e-46
379.5	1.00586e-46
380	1.00586e-46
380.5	8.58317e-47
381	8.58317e-47
381.5	9.11106e-47
382	9.11106e-47
382.5	9.6677e-47
383	9.6677e-47
383.5	7.00009e-47
384	7.00009e-47
384.5	6.92254e-47
385	6.92254e-47
385.5	8.13502e-47
386	8.13502e-47
386.5	4.78088e-47
387	4.78088e-47
387.5	8.35907e-47
388	8.35907e-47
388.5	7.16763e-47
389	7.16763e-47
389.5	1.08904e-46
390	1.08904e-46
390.5	8.3667e-47
391	8.3667e-47
391.5	1.32741e-46
392	1.32741e-46
392.5	6.85896e-47
393	6.85896e-47
393.5	9.72969e-47
394	9.72969e-47
394.5	6.6641e-47
395	6.6641e-47
395.5	9.30713e-47
396	9.30713e-47
396.5	9.55424e-47
397	9.55424e-47
397.5	8.00659e-47
398	8.00659e-47
398.5	9.18799e-47
399	9.18799e-47
399.5	8.29024e-47
400	8.29024e-47
400.5	8.46026e-47
401	8.46026e-47
401.5	1.02951e-46
402	1.02951e-46
402.5	7.98585e-47
403	7.98585e-47
403.5	6.87714e-47
404	6.87714e-47
404.5	9.37631e-47
405	9.37631e-47
405.5	9.24723e-47
406	9.24723e-47
406.5	1.22432e-46
407	1.22432e-46
407.5	8.20503e-47
408	8.20503e-47
408.5	8.5873e-47
409	8.5873e-47
409.5	8.56771e-47
410	8.56771e-47
410.5	9.86042e-47
411	9.86042e-47
411.5	9.40213e-47
412	9.40213e-47
412.5	7.57173e-47
413	7.57173e-47
413.5	6.18084e-47
414	6.18084e-47
414.5	6.57239e-47
415	6.57239e-47
415.5	9.12668e-47
416	9.12668e-47
416.5	8.71215e-47
417	8.71215e-47
417.5	1.13062e-46
418	1.13062e-46
418.5	7.16548e-47
419	7.16548e-47
419.5	9.39983e-47
420	9.39983e-47
420.5	7.33754e-47
421	7.33754e-47
421.5	1.00279e-46
422	1.00279e-46
422.5	9.15065e-47
423	9.15065e-47
423.5	9.28972e-47
424	9.28972e-47
424.5	1.1263e-46
425	1.1263e-46
425.5	1.0656e-46
426	1.0656e-46
426.5	8.97232e-47
427	8.97232e-47
427.5	9.7593e-47
428	9.7593e-47
428.5	9.0149e-47
429	9.0149e-47
429.5	1.00405e-46
430	1.00405e-46
430.5	7.6206e-47
431	7.6206e-47
431.5	7.94558e-47
432	7.94558e-47
432.5	9.88551e-47
433	9.88551e-47
433.5	6.37546e-47
434	6.37546e-47
434.5	1.04468e-46
435	1.04468e-46
435.5	1.04257e-46
436	1.04257e-46
436.5	9.52421e-47
437	9.52421e-47
437.5	1.05436e-46
438	1.05436e-46
438.5	1.28413e-46
439	1.28413e-46
439.5	1.41692e-46
440	1.41692e-46
440.5	9.15241e-47
441	9.15241e-47
441.5	9.68974e-47
442	9.68974e-47
442.5	9.62107e-47
443	9.62107e-47
443.5	9.61305e-47
444	9.61305e-47
444.5	1.11669e-46
445	1.11669e-46
445.5	8.33197e-47
446	8.33197e-47
446.5	1.03107e-46
447	1.03107e-46
447.5	9.49629e-47
448	9.49629e-47
448.5	8.4899e-47
449	8.4899e-47
449.5	1.14652e-46
450	1.14652e-46
450.5	1.05283e-46
451	1.05283e-46
451.5	1.04415e-46
452	1.04415e-46
452.5	8.51774e-47
453	8.51774e-47
453.5	1.04366e-46
454	1.04366e-46
454.5	1.11067e-46
455	1.11067e-46
455.5	1.17769e-46
456	1.17769e-46
456.5	8.32463e-47
457	8.32463e-47
457.5	7.35653e-47
458	7.35653e-47
458.5	1.13689e-46
459	1.13689e-46
459.5	1.01839e-46
460	1.01839e-46
460.5	1.05918e-46
461	1.05918e-46
461.5	8.42603e-47
462	8.42603e-47
462.5	1.24619e-46
463	1.24619e-46
463.5	9.96084e-47
464	9.96084e-47
464.5	1.62422e-46
465	1.62422e-46
465.5	1.18839e-46
466	1.18839e-46
466.5	1.1538e-46
467	1.1538e-46
467.5	9.60439e-47
468	9.60439e-47
468.5	1.00301e-46
469	1.00301e-46
469.5	1.15455e-46
470	1.15455e-46
470.5	9.41919e-47
471	9.41919e-47
471.5	1.00886e-46
472	1.00886e-46
472.5	1.35677e-46
473	1.35677e-46
473.5	7.39781e-47
474	7.39781e-47
474.5	9.19539e-47
475	9.19539e-47
475.5	1.17695e-46
476	1.17695e-46
476.5	1.03819e-46
477	1.03819e-46
477.5	1.20273e-46
478	1.20273e-46
478.5	9.65381e-47
479	9.65381e-47
479.5	1.12152e-46
480	1.12152e-46
480.5	1.01171e-46
481	1.01171e-46
481.5	8.7119e-47
482	8.7119e-47
482.5	9.0882e-47
483	9.0882e-47
483.5	9.69948e-47
484	9.69948e-47
484.5	7.82599e-47
485	7.82599e-47
485.5	1.102e-46
486	1.102e-46
486.5	1.08663e-46
487	1.08663e-46
487.5	1.45734e-46
488	1.45734e-46
488.5	1.46796e-46
489	1.46796e-46
489.5	1.52182e-46
490	1.52182e-46
490.5	1.34452e-46
491	1.34452e-46
491.5	1.32905e-46
492	1.32905e-46
492.5	1.18933e-46
493	1.18933e-46
493.5	1.08813e-46
494	1.08813e-46
494.5	1.04855e-46
495	1.04855e-46
495.5	1.33678e-46
496	1.33678e-46
496.5	1.08471e-46
497	1.08471e-46
497.5	2.70244e-46
498	2.70244e-46
498.5	2.03381e-45
499	2.03381e-45
499.5	9.21242e-45
500	9.21242e-45
500.5	4.19228e-46
501	4.19228e-46
501.5	1.49224e-45
502	1.49224e-45
502.5	3.43726e-44
503	3.43726e-44
503.5	6.70501e-45
504	6.70501e-45
504.5	2.44822e-45
505	2.44822e-45
505.5	4.00498e-46
506	4.00498e-46
506.5	5.72484e-46
507	5.72484e-46
507.5	7.68212e-42
508	7.68212e-42
508.5	2.211e-41
509	2.211e-41
509.5	2.09101e-40
510	2.09101e-40
510.5	7.60488e-40
511	7.60488e-40
511.5	0.00012207
