0	0.00012207
0.5	0.00012207
1	0.00012207
1.5	0.00012207
2	0.00012207
2.5	0.00012207
3	0.00012207
3.5	0.00012207
4	0.00012207
4.5	0.00012207
5	0.00012207
5.5	0.00012207
6	0.00012207
6.5	0.00012207
7	0.00012207
7.5	0.00012207
8	0.00012207
8.5	0.00012207
9	0.00012207
9.5	0.00012207
10	0.00012207
10.5	0.00012207
11	0.00012207
11.5	0.00012207
12	0.00012207
12.5	0.00012207
13	0.00012207
13.5	0.00012207
14	0.00012207
14.5	0.00012207
15	0.00012207
15.5	0.00012207
16	0.00012207
16.5	4.8858e-43
17	4.8858e-43
17.5	1.36431e-43
18	1.36431e-43
18.5	5.13242e-44
19	5.13242e-44
19.5	2.89902e-44
20	2.89902e-44
20.5	1.92213e-44
21	1.92213e-44
21.5	1.05073e-44
22	1.05073e-44
22.5	1.1549e-44
23	1.1549e-44
23.5	1.97685e-44
24	1.97685e-44
24.5	1.53192e-44
25	1.53192e-44
25.5	1.05112e-44
26	1.05112e-44
26.5	5.1383e-45
27	5.1383e-45
27.5	8.60633e-45
28	8.60633e-45
28.5	1.42453e-45
29	1.42453e-45
29.5	1.07484e-45
30	1.07484e-45
30.5	1.38873e-45
31	1.38873e-45
31.5	7.811e-46
32	7.811e-46
32.5	6.3497e-46
33	6.3497e-46
33.5	6.70592e-46
34	6.70592e-46
34.5	1.14109e-45
35	1.14109e-45
35.5	8.96113e-46
36	8.96113e-46
36.5	3.34187e-45
37	3.34187e-45
37.5	8.91267e-46
38	8.91267e-46
38.5	5.60462e-46
39	5.60462e-46
39.5	5.44595e-46
40	5.44595e-46
40.5	1.56527e-46
41	1.56527e-46
41.5	3.88641e-46
42	3.88641e-46
42.5	3.13763e-46
43	3.13763e-46
43.5	3.16495e-46
44	3.16495e-46
44.5	3.30637e-46
45	3.30637e-46
45.5	2.92576e-46
46	2.92576e-46
46.5	1.65008e-46
47	1.65008e-46
47.5	2.59123e-46
48	2.59123e-46
48.5	2.92859e-46
49	2.92859e-46
49.5	2.77244e-46
50	2.77244e-46
50.5	2.08547e-46
51	2.08547e-46
51.5	1.29062e-46
52	1.29062e-46
52.5	2.07609e-46
53	2.07609e-46
53.5	1.98094e-46
54	1.98094e-46
54.5	1.71529e-46
55	1.71529e-46
55.5	2.1714e-46
56	2.1714e-46
56.5	2.04891e-46
57	2.04891e-46
57.5	2.0872e-46
58	2.0872e-46
58.5	2.91211e-46
59	2.91211e-46
59.5	8.08909e-47
60	8.08909e-47
60.5	2.76612e-46
61	2.76612e-46
61.5	1.53279e-46
62	1.53279e-46
62.5	1.84105e-46
63	1.84105e-46
63.5	1.91286e-46
64	1.91286e-46
64.5	1.32645e-46
65	1.32645e-46
65.5	1.17825e-46
66	1.17825e-46
66.5	1.03155e-46
67	1.03155e-46
67.5	1.43582e-46
68	1.43582e-46
68.5	1.92617e-46
69	1.92617e-46
69.5	2.18127e-46
70	2.18127e-46
70.5	1.67661e-46
71	1.67661e-46
71.5	2.04316e-46
72	2.04316e-46
72.5	1.91078e-46
73	1.91078e-46
73.5	2.11953e-46
74	2.11953e-46
74.5	2.28944e-46
75	2.28944e-46
75.5	1.70739e-46
76	1.70739e-46
76.5	1.68616e-46
77	1.68616e-46
77.5	4.17019e-46
78	4.17019e-46
78.5	6.84023e-46
79	6.84023e-46
79.5	1.81321e-46
80	1.81321e-46
80.5	1.62846e-46
81	1.62846e-46
81.5	1.39223e-46
82	1.39223e-46
82.5	1.04159e-46
83	1.04159e-46
83.5	1.0922e-46
84	1.0922e-46
84.5	9.97149e-47
85	9.97149e-47
85.5	9.87006e-47
86	9.87006e-47
86.5	1.01842e-46
87	1.01842e-46
87.5	1.07179e-46
88	1.07179e-46
88.5	8.14468e-47
89	8.14468e-47
89.5	9.33424e-47
90	9.33424e-47
90.5	8.46905e-47
91	8.46905e-47
91.5	1.04765e-46
92	1.04765e-46
92.5	1.00566e-46
93	1.00566e-46
93.5	9.36062e-47
94	9.36062e-47
94.5	8.08065e-47
95	8.08065e-47
95.5	6.85954e-47
96	6.85954e-47
96.5	6.07904e-47
97	6.07904e-47
97.5	6.44136e-47
98	6.44136e-47
98.5	5.43462e-47
99	5.43462e-47
99.5	6.58301e-47
100	6.58301e-47
100.5	7.00427e-47
101	7.00427e-47
101.5	9.99259e-47
102	9.99259e-47
102.5	8.89059e-47
103	8.89059e-47
103.5	7.60185e-47
104	7.60185e-47
104.5	7.19053e-47
105	7.19053e-47
105.5	7.64994e-47
106	7.64994e-47
106.5	8.05982e-47
107	8.05982e-47
107.5	7.85434e-47
108	7.85434e-47
108.5	7.12019e-47
109	7.12019e-47
109.5	6.66056e-47
110	6.66056e-47
110.5	7.6431e-47
111	7.6431e-47
111.5	5.74569e-47
112	5.74569e-47
112.5	6.86188e-47
113	6.86188e-47
113.5	7.08163e-47
114	7.08163e-47
114.5	4.2865e-47
115	4.2865e-47
115.5	8.42118e-47
116	8.42118e-47
116.5	7.73076e-47
117	7.73076e-47
117.5	7.63326e-47
118	7.63326e-47
118.5	1.45085e-46
119	1.45085e-46
119.5	5.15037e-47
120	5.15037e-47
120.5	1.33048e-46
121	1.33048e-46
121.5	9.0006e-47
122	9.0006e-47
122.5	5.98114e-47
123	5.98114e-47
123.5	6.12721e-47
124	6.12721e-47
124.5	5.32002e-47
125	5.32002e-47
125.5	7.20209e-47
126	7.20209e-47
126.5	7.18443e-47
127	7.18443e-47
127.5	1.11142e-46
128	1.11142e-46
128.5	5.77063e-47
129	5.77063e-47
129.5	6.35982e-47
130	6.35982e-47
130.5	6.4139e-47
131	6.4139e-47
131.5	5.17878e-47
132	5.17878e-47
132.5	7.17366e-47
133	7.17366e-47
133.5	6.963e-47
134	6.963e-47
134.5	6.03363e-47
135	6.03363e-47
135.5	6.25533e-47
136	6.25533e-47
136.5	6.35437e-47
137	6.35437e-47
137.5	6.01255e-47
138	6.01255e-47
138.5	5.89551e-47
139	5.89551e-47
139.5	6.95847e-47
140	6.95847e-47
140.5	7.60941e-47
141	7.60941e-47
141.5	8.59107e-47
142	8.59107e-47
142.5	5.77746e-47
143	5.77746e-47
143.5	7.12772e-47
144	7.12772e-47
144.5	6.87451e-47
145	6.87451e-47
145.5	5.57401e-47
146	5.57401e-47
146.5	6.94767e-47
147	6.94767e-47
147.5	5.2124e-47
148	5.2124e-47
148.5	6.70009e-47
149	6.70009e-47
149.5	6.98906e-47
150	6.98906e-47
150.5	7.22926e-47
151	7.22926e-47
151.5	7.43974e-47
152	7.43974e-47
152.5	7.02084e-47
153	7.02084e-47
153.5	6.27367e-47
154	6.27367e-47
154.5	6.45403e-47
155	6.45403e-47
155.5	5.28912e-47
156	5.28912e-47
156.5	5.69311e-47
157	5.69311e-47
157.5	5.1739e-47
158	5.1739e-47
158.5	5.20711e-47
159	5.20711e-47
159.5	6.50874e-47
160	6.50874e-47
160.5	5.95104e-47
161	5.95104e-47
161.5	3.64164e-47
162	3.64164e-47
162.5	5.38133e-47
163	5.38133e-47
163.5	5.45759e-47
164	5.45759e-47
164.5	6.03382e-47
165	6.03382e-47
165.5	5.54203e-47
166	5.54203e-47
166.5	6.45258e-47
167	6.45258e-47
167.5	8.1855e-47
168	8.1855e-47
168.5	5.20968e-47
169	5.20968e-47
169.5	5.91735e-47
170	5.91735e-47
170.5	4.7969e-47
171	4.7969e-47
171.5	6.49452e-47
172	6.49452e-47
172.5	7.06247e-47
173	7.06247e-47
173.5	6.83375e-47
174	6.83375e-47
174.5	5.67191e-47
175	5.67191e-47
175.5	7.79939e-47
176	7.79939e-47
176.5	5.4288e-47
177	5.4288e-47
177.5	6.86445e-47
178	6.86445e-47
178.5	1.33157e-46
179	1.33157e-46
179.5	3.97243e-47
180	3.97243e-47
180.5	9.39869e-47
181	9.39869e-47
181.5	8.49282e-47
182	8.49282e-47
182.5	7.42723e-47
183	7.42723e-47
183.5	6.73898e-47
184	6.73898e-47
184.5	5.68736e-47
185	5.68736e-47
185.5	6.6434e-47
186	6.6434e-47
186.5	6.43666e-47
187	6.43666e-47
187.5	5.87825e-47
188	5.87825e-47
188.5	8.56746e-47
189	8.56746e-47
189.5	7.28833e-47
190	7.28833e-47
190.5	4.47003e-47
191	4.47003e-47
191.5	8.77582e-47
192	8.77582e-47
192.5	5.14935e-47
193	5.14935e-47
193.5	4.05088e-47
194	4.05088e-47
194.5	5.38326e-47
195	5.38326e-47
195.5	4.22006e-47
196	4.22006e-47
196.5	5.09127e-47
197	5.09127e-47
197.5	6.23551e-47
198	6.23551e-47
198.5	7.30143e-47
199	7.30143e-47
199.5	7.4967e-47
200	7.4967e-47
200.5	7.71309e-47
201	7.71309e-47
201.5	5.76301e-47
202	5.76301e-47
202.5	5.13342e-47
203	5.13342e-47
203.5	4.88636e-47
204	4.88636e-47
204.5	6.05526e-47
205	6.05526e-47
205.5	6.5479e-47
206	6.5479e-47
206.5	5.25957e-47
207	5.25957e-47
207.5	7.57142e-47
208	7.57142e-47
208.5	8.14332e-47
209	8.14332e-47
209.5	6.46792e-47
210	6.46792e-47
210.5	5.99063e-47
211	5.99063e-47
211.5	6.30153e-47
212	6.30153e-47
212.5	5.17411e-47
213	5.17411e-47
213.5	6.26216e-47
214	6.26216e-47
214.5	5.9813e-47
215	5.9813e-47
215.5	5.62618e-47
216	5.62618e-47
216.5	5.49662e-47
217	5.49662e-47
217.5	4.67568e-47
218	4.67568e-47
218.5	5.81246e-47
219	5.81246e-47
219.5	5.46422e-47
220	5.46422e-47
220.5	5.90216e-47
221	5.90216e-47
221.5	6.22228e-47
222	6.22228e-47
222.5	8.03691e-47
223	8.03691e-47
223.5	4.23512e-47
224	4.23512e-47
224.5	6.62909e-47
225	6.62909e-47
225.5	6.09939e-47
226	6.09939e-47
226.5	6.40728e-47
227	6.40728e-47
227.5	6.69909e-47
228	6.69909e-47
228.5	5.42299e-47
229	5.42299e-47
229.5	5.33695e-47
230	5.33695e-47
230.5	6.0596e-47
231	6.0596e-47
231.5	7.10378e-47
232	7.10378e-47
232.5	5.57063e-47
233	5.57063e-47
233.5	6.09098e-47
234	6.09098e-47
234.5	6.19718e-47
235	6.19718e-47
235.5	6.37454e-47
236	6.37454e-47
236.5	6.3815e-47
237	6.3815e-47
237.5	7.76957e-47
238	7.76957e-47
238.5	6.80378e-47
239	6.80378e-47
239.5	7.40342e-47
240	7.40342e-47
240.5	5.11733e-47
241	5.11733e-47
241.5	5.52395e-47
242	5.52395e-47
242.5	6.45999e-47
243	6.45999e-47
243.5	8.15719e-47
244	8.15719e-47
244.5	8.16292e-47
245	8.16292e-47
245.5	5.32993e-47
246	5.32993e-47
246.5	6.76019e-47
247	6.76019e-47
247.5	6.80556e-47
248	6.80556e-47
248.5	8.73692e-47
249	8.73692e-47
249.5	7.60491e-47
250	7.60491e-47
250.5	8.06833e-47
251	8.06833e-47
251.5	5.89452e-47
252	5.89452e-47
252.5	6.2958e-47
253	6.2958e-47
253.5	6.2544e-47
254	6.2544e-47
254.5	7.12663e-47
255	7.12663e-47
255.5	1.07031e-46
256	1.07031e-46
256.5	7.63295e-47
257	7.63295e-47
257.5	7.61933e-47
258	7.61933e-47
258.5	7.65637e-47
259	7.65637e-47
259.5	6.31795e-47
260	6.31795e-47
260.5	7.52287e-47
261	7.52287e-47
261.5	8.7676e-47
262	8.7676e-47
262.5	8.36494e-47
263	8.36494e-47
263.5	5.84871e-47
264	5.84871e-47
264.5	6.27962e-47
265	6.27962e-47
265.5	5.86199e-47
266	5.86199e-47
266.5	8.01526e-47
267	8.01526e-47
267.5	4.95692e-47
268	4.95692e-47
268.5	7.1482e-47
269	7.1482e-47
269.5	6.32257e-47
270	6.32257e-47
270.5	7.48227e-47
271	7.48227e-47
271.5	8.24756e-47
272	8.24756e-47
272.5	8.02883e-47
273	8.02883e-47
273.5	6.56449e-47
274	6.56449e-47
274.5	7.83977e-47
275	7.83977e-47
275.5	7.86549e-47
276	7.86549e-47
276.5	6.09277e-47
277	6.09277e-47
277.5	5.99071e-47
278	5.99071e-47
278.5	7.14899e-47
279	7.14899e-47
279.5	7.52975e-47
280	7.52975e-47
280.5	8.59389e-47
281	8.59389e-47
281.5	9.05717e-47
282	9.05717e-47
282.5	1.06244e-46
283	1.06244e-46
283.5	7.3511e-47
284	7.3511e-47
284.5	7.82387e-47
285	7.82387e-47
285.5	5.57797e-47
286	5.57797e-47
286.5	7.40308e-47
287	7.40308e-47
287.5	7.55347e-47
288	7.55347e-47
288.5	6.90505e-47
289	6.90505e-47
289.5	8.74273e-47
290	8.74273e-47
290.5	9.86812e-47
291	9.86812e-47
291.5	6.33042e-47
292	6.33042e-47
292.5	6.53885e-47
293	6.53885e-47
293.5	6.2373e-47
294	6.2373e-47
294.5	7.2699e-47
295	7.2699e-47
295.5	7.54826e-47
296	7.54826e-47
296.5	7.1741e-47
297	7.1741e-47
297.5	1.03703e-46
298	1.03703e-46
298.5	7.89692e-47
299	7.89692e-47
299.5	1.04493e-46
300	1.04493e-46
300.5	1.02587e-46
301	1.02587e-46
301.5	1.73841e-46
302	1.73841e-46
302.5	8.49847e-46
303	8.49847e-46
303.5	9.10066e-47
304	9.10066e-47
304.5	9.28589e-47
305	9.28589e-47
305.5	9.0255e-47
306	9.0255e-47
306.5	1.25626e-46
307	1.25626e-46
307.5	9.48581e-47
308	9.48581e-47
308.5	1.13876e-46
309	1.13876e-46
309.5	1.84247e-46
310	1.84247e-46
310.5	2.93738e-46
311	2.93738e-46
311.5	3.78799e-46
312	3.78799e-46
312.5	4.20881e-46
313	4.20881e-46
313.5	5.23176e-46
314	5.23176e-46
314.5	4.90584e-46
315	4.90584e-46
315.5	3.96561e-46
316	3.96561e-46
316.5	3.88349e-46
317	3.88349e-46
317.5	2.08443e-46
318	2.08443e-46
318.5	2.44829e-46
319	2.44829e-46
319.5	1.89365e-46
320	1.89365e-46
320.5	1.53131e-46
321	1.53131e-46
321.5	2.48199e-46
322	2.48199e-46
322.5	2.6437e-46
323	2.6437e-46
323.5	1.43707e-46
324	1.43707e-46
324.5	1.09109e-46
325	1.09109e-46
325.5	1.79935e-46
326	1.79935e-46
326.5	1.30559e-46
327	1.30559e-46
327.5	1.09006e-46
328	1.09006e-46
328.5	1.35537e-46
329	1.35537e-46
329.5	1.36517e-46
330	1.36517e-46
330.5	1.70837e-46
331	1.70837e-46
331.5	4.54238e-47
332	4.54238e-47
332.5	1.07324e-46
333	1.07324e-46
333.5	1.8553e-46
334	1.8553e-46
334.5	1.35257e-46
335	1.35257e-46
335.5	1.46341e-46
336	1.46341e-46
336.5	1.25948e-46
337	1.25948e-46
337.5	1.24795e-46
338	1.24795e-46
338.5	1.38135e-46
339	1.38135e-46
339.5	1.26996e-46
340	1.26996e-46
340.5	2.17837e-46
341	2.17837e-46
341.5	1.70492e-46
342	1.70492e-46
342.5	1.47969e-46
343	1.47969e-46
343.5	2.12478e-46
344	2.12478e-46
344.5	2.01471e-46
345	2.01471e-46
345.5	2.07147e-46
346	2.07147e-46
346.5	1.84808e-46
347	1.84808e-46
347.5	1.63522e-46
348	1.63522e-46
348.5	3.06931e-46
349	3.06931e-46
349.5	3.0899e-46
350	3.0899e-46
350.5	1.62101e-46
351	1.62101e-46
351.5	1.7205e-46
352	1.7205e-46
352.5	1.9114e-46
353	1.9114e-46
353.5	1.80873e-46
354	1.80873e-46
354.5	1.86654e-46
355	1.86654e-46
355.5	1.519e-46
356	1.519e-46
356.5	1.40364e-46
357	1.40364e-46
357.5	1.36585e-46
358	1.36585e-46
358.5	1.40332e-46
359	1.40332e-46
359.5	8.48681e-47
360	8.48681e-47
360.5	9.25277e-47
361	9.25277e-47
361.5	1.04835e-46
362	1.04835e-46
362.5	9.26533e-47
363	9.26533e-47
363.5	1.13665e-46
364	1.13665e-46
364.5	1.09766e-46
365	1.09766e-46
365.5	1.24442e-46
366	1.24442e-46
366.5	9.55868e-47
367	9.55868e-47
367.5	1.13349e-46
368	1.13349e-46
368.5	9.8212e-47
369	9.8212e-47
369.5	9.55463e-47
370	9.55463e-47
370.5	8.52632e-47
371	8.52632e-47
371.5	8.31925e-47
372	8.31925e-47
372.5	9.41485e-47
373	9.41485e-47
373.5	9.1026e-47
374	9.1026e-47
374.5	8.48061e-47
375	8.48061e-47
375.5	6.81145e-47
376	6.81145e-47
376.5	7.97055e-47
377	7.97055e-47
377.5	7.52448e-47
378	7.52448e-47
378.5	1.02833e-46
379	1.02833e-46
379.5	1.18334e-46
380	1.18334e-46
380.5	8.65422e-47
381	8.65422e-47
381.5	8.10151e-47
382	8.10151e-47
382.5	1.12571e-46
383	1.12571e-46
383.5	1.12545e-46
384	1.12545e-46
384.5	7.86264e-47
385	7.86264e-47
385.5	7.1201e-47
386	7.1201e-47
386.5	1.02875e-46
387	1.02875e-46
387.5	9.17612e-47
388	9.17612e-47
388.5	8.63805e-47
389	8.63805e-47
389.5	7.26338e-47
390	7.26338e-47
390.5	9.53133e-47
391	9.53133e-47
391.5	7.51697e-47
392	7.51697e-47
392.5	8.73268e-47
393	8.73268e-47
393.5	9.79247e-47
394	9.79247e-47
394.5	8.5509e-47
395	8.5509e-47
395.5	8.4326e-47
396	8.4326e-47
396.5	7.16644e-47
397	7.16644e-47
397.5	1.09579e-46
398	1.09579e-46
398.5	7.83307e-47
399	7.83307e-47
399.5	9.11384e-47
400	9.11384e-47
400.5	7.44534e-47
401	7.44534e-47
401.5	8.68872e-47
402	8.68872e-47
402.5	6.76126e-47
403	6.76126e-47
403.5	7.67073e-47
404	7.67073e-47
404.5	7.49668e-47
405	7.49668e-47
405.5	9.2327e-47
406	9.2327e-47
406.5	8.59703e-47
407	8.59703e-47
407.5	9.33496e-47
408	9.33496e-47
408.5	8.59032e-47
409	8.59032e-47
409.5	9.01529e-47
410	9.01529e-47
410.5	1.10797e-46
411	1.10797e-46
411.5	1.25245e-46
412	1.25245e-46
412.5	7.34324e-47
413	7.34324e-47
413.5	8.32319e-47
414	8.32319e-47
414.5	1.1324e-46
415	1.1324e-46
415.5	9.30705e-47
416	9.30705e-47
416.5	7.93347e-47
417	7.93347e-47
417.5	6.98999e-47
418	6.98999e-47
418.5	1.00203e-46
419	1.00203e-46
419.5	6.89615e-47
420	6.89615e-47
420.5	9.37605e-47
421	9.37605e-47
421.5	1.09605e-46
422	1.09605e-46
422.5	9.63813e-47
423	9.63813e-47
423.5	8.06486e-47
424	8.06486e-47
424.5	9.99588e-47
425	9.99588e-47
425.5	1.06e-46
426	1.06e-46
426.5	8.73441e-47
427	8.73441e-47
427.5	1.05593e-46
428	1.05593e-46
428.5	1.14441e-46
429	1.14441e-46
429.5	1.09404e-46
430	1.09404e-46
430.5	1.02794e-46
431	1.02794e-46
431.5	1.26333e-46
432	1.26333e-46
432.5	1.04103e-46
433	1.04103e-46
433.5	1.07615e-46
434	1.07615e-46
434.5	1.1526e-46
435	1.1526e-46
435.5	8.2785e-47
436	8.2785e-47
436.5	1.00227e-46
437	1.00227e-46
437.5	9.69069e-47
438	9.69069e-47
438.5	8.87823e-47
439	8.87823e-47
439.5	8.97596e-47
440	8.97596e-47
440.5	1.23298e-46
441	1.23298e-46
441.5	9.48497e-47
442	9.48497e-47
442.5	9.4747e-47
443	9.4747e-47
443.5	1.15914e-46
444	1.15914e-46
444.5	8.60364e-47
445	8.60364e-47
445.5	9.65736e-47
446	9.65736e-47
446.5	9.51314e-47
447	9.51314e-47
447.5	1.22587e-46
448	1.22587e-46
448.5	9.83441e-47
449	9.83441e-47
449.5	1.14814e-46
450	1.14814e-46
450.5	1.19667e-46
451	1.19667e-46
451.5	1.23322e-46
452	1.23322e-46
452.5	2.06073e-46
453	2.06073e-46
453.5	1.01583e-46
454	1.01583e-46
454.5	1.00481e-46
455	1.00481e-46
455.5	1.38774e-46
456	1.38774e-46
456.5	1.11124e-46
457	1.11124e-46
457.5	9.66294e-47
458	9.66294e-47
458.5	7.56334e-47
459	7.56334e-47
459.5	1.2109e-46
460	1.2109e-46
460.5	9.4093e-47
461	9.4093e-47
461.5	8.73111e-47
462	8.73111e-47
462.5	8.87418e-47
463	8.87418e-47
463.5	1.45422e-46
464	1.45422e-46
464.5	1.16119e-46
465	1.16119e-46
465.5	1.00606e-46
466	1.00606e-46
466.5	7.83361e-47
467	7.83361e-47
467.5	1.33477e-46
468	1.33477e-46
468.5	1.34432e-46
469	1.34432e-46
469.5	1.5331e-46
470	1.5331e-46
470.5	1.15903e-46
471	1.15903e-46
471.5	1.07727e-46
472	1.07727e-46
472.5	8.91111e-47
473	8.91111e-47
473.5	1.24853e-46
474	1.24853e-46
474.5	1.36454e-46
475	1.36454e-46
475.5	9.20924e-47
476	9.20924e-47
476.5	1.01219e-46
477	1.01219e-46
477.5	9.24278e-47
478	9.24278e-47
478.5	1.11814e-46
479	1.11814e-46
479.5	9.24684e-47
480	9.24684e-47
480.5	9.42034e-47
481	9.42034e-47
481.5	9.31802e-47
482	9.31802e-47
482.5	1.15125e-46
483	1.15125e-46
483.5	1.28556e-46
484	1.28556e-46
484.5	1.66792e-46
485	1.66792e-46
485.5	1.50732e-46
486	1.50732e-46
486.5	1.0461e-46
487	1.0461e-46
487.5	9.77822e-47
488	9.77822e-47
488.5	1.35284e-46
489	1.35284e-46
489.5	8.82279e-47
490	8.82279e-47
490.5	9.69899e-47
491	9.69899e-47
491.5	1.07479e-46
492	1.07479e-46
492.5	8.44994e-47
493	8.44994e-47
493.5	1.32679e-46
494	1.32679e-46
494.5	9.77168e-47
495	9.77168e-47
495.5	1.16637e-46
496	1.16637e-46
496.5	1.11893e-46
497	1.11893e-46
497.5	8.80431e-47
498	8.80431e-47
498.5	1.48422e-46
499	1.48422e-46
499.5	1.03274e-45
500	1.03274e-45
500.5	1.98987e-45
501	1.98987e-45
501.5	3.38613e-46
502	3.38613e-46
502.5	2.40226e-45
503	2.40226e-45
503.5	3.41616e-46
504	3.41616e-46
504.5	1.22374e-46
505	1.22374e-46
505.5	1.51793e-46
506	1.51793e-46
506.5	1.92336e-45
507	1.92336e-45
507.5	2.0292e-45
508	2.0292e-45
508.5	4.78889e-45
509	4.78889e-45
509.5	1.31221e-46
510	1.31221e-46
510.5	1.01056e-46
511	1.01056e-46
511.5	0.00012207
