0	0.00012207
0.5	0.00012207
1	0.00012207
1.5	0.00012207
2	0.00012207
2.5	0.00012207
3	0.00012207
3.5	0.00012207
4	0.00012207
4.5	0.00012207
5	0.00012207
5.5	0.00012207
6	0.00012207
6.5	0.00012207
7	0.00012207
7.5	0.00012207
8	0.00012207
8.5	0.00012207
9	0.00012207
9.5	0.00012207
10	0.00012207
10.5	0.00012207
11	0.00012207
11.5	0.00012207
12	0.00012207
12.5	0.00012207
13	0.00012207
13.5	0.00012207
14	0.00012207
14.5	0.00012207
15	0.00012207
15.5	0.00012207
16	0.00012207
16.5	3.15387e-42
17	3.15387e-42
17.5	3.63086e-43
18	3.63086e-43
18.5	3.52797e-43
19	3.52797e-43
19.5	1.31616e-42
20	1.31616e-42
20.5	8.91759e-43
21	8.91759e-43
21.5	4.28855e-43
22	4.28855e-43
22.5	5.17345e-44
23	5.17345e-44
23.5	3.55195e-44
24	3.55195e-44
24.5	2.82034e-44
25	2.82034e-44
25.5	3.29694e-45
26	3.29694e-45
26.5	6.13246e-45
27	6.13246e-45
27.5	1.58789e-45
28	1.58789e-45
28.5	1.81268e-45
29	1.81268e-45
29.5	9.59514e-46
30	9.59514e-46
30.5	9.2839e-46
31	9.2839e-46
31.5	8.35686e-46
32	8.35686e-46
32.5	7.73485e-46
33	7.73485e-46
33.5	5.04051e-46
34	5.04051e-46
34.5	6.91494e-46
35	6.91494e-46
35.5	2.31865e-45
36	2.31865e-45
36.5	1.43948e-45
37	1.43948e-45
37.5	5.16153e-46
38	5.16153e-46
38.5	2.85636e-46
39	2.85636e-46
39.5	2.2849e-46
40	2.2849e-46
40.5	4.14509e-46
41	4.14509e-46
41.5	2.33001e-46
42	2.33001e-46
42.5	1.64896e-46
43	1.64896e-46
43.5	1.92878e-46
44	1.92878e-46
44.5	1.49359e-46
45	1.49359e-46
45.5	2.5345e-46
46	2.5345e-46
46.5	1.81678e-46
47	1.81678e-46
47.5	1.86021e-46
48	1.86021e-46
48.5	2.28775e-46
49	2.28775e-46
49.5	1.22188e-46
50	1.22188e-46
50.5	9.87898e-47
51	9.87898e-47
51.5	1.1497e-46
52	1.1497e-46
52.5	8.61657e-47
53	8.61657e-47
53.5	8.73399e-47
54	8.73399e-47
54.5	7.91938e-47
55	7.91938e-47
55.5	1.28334e-46
56	1.28334e-46
56.5	8.96128e-47
57	8.96128e-47
57.5	1.09386e-46
58	1.09386e-46
58.5	8.63008e-47
59	8.63008e-47
59.5	1.1285e-46
60	1.1285e-46
60.5	6.04422e-47
61	6.04422e-47
61.5	5.70016e-47
62	5.70016e-47
62.5	5.1479e-47
63	5.1479e-47
63.5	6.2758e-47
64	6.2758e-47
64.5	7.4322e-47
65	7.4322e-47
65.5	5.94934e-47
66	5.94934e-47
66.5	6.50899e-47
67	6.50899e-47
67.5	5.2071e-47
68	5.2071e-47
68.5	4.3184e-47
69	4.3184e-47
69.5	6.18235e-47
70	6.18235e-47
70.5	5.04292e-47
71	5.04292e-47
71.5	5.43303e-47
72	5.43303e-47
72.5	7.59564e-47
73	7.59564e-47
73.5	4.68328e-47
74	4.68328e-47
74.5	4.94438e-47
75	4.94438e-47
75.5	6.36945e-47
76	6.36945e-47
76.5	3.02293e-47
77	3.02293e-47
77.5	4.83277e-47
78	4.83277e-47
78.5	4.25224e-47
79	4.25224e-47
79.5	5.29495e-47
80	5.29495e-47
80.5	5.5558e-47
81	5.5558e-47
81.5	5.22239e-47
82	5.22239e-47
82.5	3.92222e-47
83	3.92222e-47
83.5	4.4945e-47
84	4.4945e-47
84.5	3.09305e-47
85	3.09305e-47
85.5	4.70646e-47
86	4.70646e-47
86.5	4.61176e-47
87	4.61176e-47
87.5	4.29639e-47
88	4.29639e-47
88.5	5.62176e-47
89	5.62176e-47
89.5	6.68056e-47
90	6.68056e-47
90.5	3.86484e-47
91	3.86484e-47
91.5	4.12017e-47
92	4.12017e-47
92.5	3.88478e-47
93	3.88478e-47
93.5	3.72825e-47
94	3.72825e-47
94.5	3.63944e-47
95	3.63944e-47
95.5	3.63776e-47
96	3.63776e-47
96.5	5.02047e-47
97	5.02047e-47
97.5	4.79929e-47
98	4.79929e-47
98.5	2.77545e-47
99	2.77545e-47
99.5	3.69497e-47
100	3.69497e-47
100.5	3.56582e-47
101	3.56582e-47
101.5	2.85754e-47
102	2.85754e-47
102.5	2.64737e-47
103	2.64737e-47
103.5	3.43411e-47
104	3.43411e-47
104.5	4.22078e-47
105	4.22078e-47
105.5	2.72049e-47
106	2.72049e-47
106.5	3.52348e-47
107	3.52348e-47
107.5	4.37549e-47
108	4.37549e-47
108.5	3.07021e-47
109	3.07021e-47
109.5	2.50418e-47
110	2.50418e-47
110.5	3.24887e-47
111	3.24887e-47
111.5	4.56356e-47
112	4.56356e-47
112.5	3.88889e-47
113	3.88889e-47
113.5	4.03653e-47
114	4.03653e-47
114.5	2.99255e-47
115	2.99255e-47
115.5	2.57211e-47
116	2.57211e-47
116.5	3.62064e-47
117	3.62064e-47
117.5	3.0762e-47
118	3.0762e-47
118.5	3.93917e-47
119	3.93917e-47
119.5	3.02179e-47
120	3.02179e-47
120.5	3.17403e-47
121	3.17403e-47
121.5	2.13803e-47
122	2.13803e-47
122.5	3.32289e-47
123	3.32289e-47
123.5	3.74771e-47
124	3.74771e-47
124.5	2.49493e-47
125	2.49493e-47
125.5	3.38564e-47
126	3.38564e-47
126.5	2.89303e-47
127	2.89303e-47
127.5	3.30356e-47
128	3.30356e-47
128.5	3.59658e-47
129	3.59658e-47
129.5	2.35444e-47
130	2.35444e-47
130.5	3.30673e-47
131	3.30673e-47
131.5	2.79285e-47
132	2.79285e-47
132.5	1.75506e-47
133	1.75506e-47
133.5	2.74535e-47
134	2.74535e-47
134.5	3.22957e-47
135	3.22957e-47
135.5	3.9837e-47
136	3.9837e-47
136.5	2.05929e-47
137	2.05929e-47
137.5	3.11127e-47
138	3.11127e-47
138.5	2.64159e-47
139	2.64159e-47
139.5	2.33227e-47
140	2.33227e-47
140.5	3.19277e-47
141	3.19277e-47
141.5	3.1577e-47
142	3.1577e-47
142.5	2.15189e-47
143	2.15189e-47
143.5	1.88966e-47
144	1.88966e-47
144.5	3.41679e-47
145	3.41679e-47
145.5	2.78726e-47
146	2.78726e-47
146.5	2.55193e-47
147	2.55193e-47
147.5	2.56505e-47
148	2.56505e-47
148.5	2.51647e-47
149	2.51647e-47
149.5	2.4366e-47
150	2.4366e-47
150.5	3.73276e-47
151	3.73276e-47
151.5	3.30512e-47
152	3.30512e-47
152.5	3.64341e-47
153	3.64341e-47
153.5	2.88927e-47
154	2.88927e-47
154.5	2.65045e-47
155	2.65045e-47
155.5	3.47493e-47
156	3.47493e-47
156.5	2.31073e-47
157	2.31073e-47
157.5	2.78736e-47
158	2.78736e-47
158.5	2.25833e-47
159	2.25833e-47
159.5	2.8902e-47
160	2.8902e-47
160.5	2.42089e-47
161	2.42089e-47
161.5	2.83238e-47
162	2.83238e-47
162.5	2.4717e-47
163	2.4717e-47
163.5	2.42951e-47
164	2.42951e-47
164.5	2.75778e-47
165	2.75778e-47
165.5	2.75956e-47
166	2.75956e-47
166.5	1.98993e-47
167	1.98993e-47
167.5	2.9595e-47
168	2.9595e-47
168.5	3.61157e-47
169	3.61157e-47
169.5	2.34847e-47
170	2.34847e-47
170.5	2.92359e-47
171	2.92359e-47
171.5	3.09473e-47
172	3.09473e-47
172.5	2.92269e-47
173	2.92269e-47
173.5	2.08568e-47
174	2.08568e-47
174.5	2.9414e-47
175	2.9414e-47
175.5	3.05492e-47
176	3.05492e-47
176.5	2.90619e-47
177	2.90619e-47
177.5	2.85806e-47
178	2.85806e-47
178.5	3.90777e-47
179	3.90777e-47
179.5	3.69262e-47
180	3.69262e-47
180.5	2.42662e-47
181	2.42662e-47
181.5	2.93772e-47
182	2.93772e-47
182.5	2.32224e-47
183	2.32224e-47
183.5	2.07638e-47
184	2.07638e-47
184.5	2.46515e-47
185	2.46515e-47
185.5	2.46201e-47
186	2.46201e-47
186.5	1.92522e-47
187	1.92522e-47
187.5	2.47922e-47
188	2.47922e-47
188.5	2.84098e-47
189	2.84098e-47
189.5	2.48452e-47
190	2.48452e-47
190.5	2.95604e-47
191	2.95604e-47
191.5	2.53452e-47
192	2.53452e-47
192.5	2.4527e-47
193	2.4527e-47
193.5	2.3042e-47
194	2.3042e-47
194.5	2.33754e-47
195	2.33754e-47
195.5	2.99649e-47
196	2.99649e-47
196.5	2.67131e-47
197	2.67131e-47
197.5	3.37285e-47
198	3.37285e-47
198.5	2.67669e-47
199	2.67669e-47
199.5	2.18458e-47
200	2.18458e-47
200.5	2.66314e-47
201	2.66314e-47
201.5	2.73184e-47
202	2.73184e-47
202.5	2.51194e-47
203	2.51194e-47
203.5	3.72105e-47
204	3.72105e-47
204.5	2.62123e-47
205	2.62123e-47
205.5	2.74716e-47
206	2.74716e-47
206.5	3.10765e-47
207	3.10765e-47
207.5	2.06188e-47
208	2.06188e-47
208.5	2.49443e-47
209	2.49443e-47
209.5	2.47471e-47
210	2.47471e-47
210.5	2.80927e-47
211	2.80927e-47
211.5	2.12881e-47
212	2.12881e-47
212.5	2.29661e-47
213	2.29661e-47
213.5	2.78536e-47
214	2.78536e-47
214.5	3.08982e-47
215	3.08982e-47
215.5	2.72671e-47
216	2.72671e-47
216.5	2.34903e-47
217	2.34903e-47
217.5	2.18815e-47
218	2.18815e-47
218.5	3.18304e-47
219	3.18304e-47
219.5	3.07736e-47
220	3.07736e-47
220.5	3.03537e-47
221	3.03537e-47
221.5	2.40582e-47
222	2.40582e-47
222.5	2.69335e-47
223	2.69335e-47
223.5	2.94286e-47
224	2.94286e-47
224.5	2.64725e-47
225	2.64725e-47
225.5	2.86069e-47
226	2.86069e-47
226.5	2.89196e-47
227	2.89196e-47
227.5	3.22613e-47
228	3.22613e-47
228.5	3.15345e-47
229	3.15345e-47
229.5	2.47926e-47
230	2.47926e-47
230.5	3.58185e-47
231	3.58185e-47
231.5	2.52852e-47
232	2.52852e-47
232.5	2.91825e-47
233	2.91825e-47
233.5	3.03783e-47
234	3.03783e-47
234.5	2.38182e-47
235	2.38182e-47
235.5	2.87806e-47
236	2.87806e-47
236.5	2.08267e-47
237	2.08267e-47
237.5	3.43238e-47
238	3.43238e-47
238.5	2.28923e-47
239	2.28923e-47
239.5	2.61197e-47
240	2.61197e-47
240.5	2.74531e-47
241	2.74531e-47
241.5	2.13397e-47
242	2.13397e-47
242.5	2.83456e-47
243	2.83456e-47
243.5	2.50325e-47
244	2.50325e-47
244.5	3.14103e-47
245	3.14103e-47
245.5	2.95343e-47
246	2.95343e-47
246.5	2.3818e-47
247	2.3818e-47
247.5	2.0952e-47
248	2.0952e-47
248.5	2.79765e-47
249	2.79765e-47
249.5	1.98369e-47
250	1.98369e-47
250.5	3.63529e-47
251	3.63529e-47
251.5	2.1327e-47
252	2.1327e-47
252.5	2.99332e-47
253	2.99332e-47
253.5	2.21585e-47
254	2.21585e-47
254.5	2.13683e-47
255	2.13683e-47
255.5	2.50101e-47
256	2.50101e-47
256.5	2.62277e-47
257	2.62277e-47
257.5	3.54809e-47
258	3.54809e-47
258.5	3.10147e-47
259	3.10147e-47
259.5	2.68323e-47
260	2.68323e-47
260.5	2.96146e-47
261	2.96146e-47
261.5	2.01105e-47
262	2.01105e-47
262.5	2.35955e-47
263	2.35955e-47
263.5	2.60514e-47
264	2.60514e-47
264.5	2.92372e-47
265	2.92372e-47
265.5	2.59721e-47
266	2.59721e-47
266.5	3.20708e-47
267	3.20708e-47
267.5	2.33965e-47
268	2.33965e-47
268.5	2.47854e-47
269	2.47854e-47
269.5	2.9419e-47
270	2.9419e-47
270.5	4.41452e-47
271	4.41452e-47
271.5	3.35277e-47
272	3.35277e-47
272.5	3.12999e-47
273	3.12999e-47
273.5	2.069e-47
274	2.069e-47
274.5	2.92674e-47
275	2.92674e-47
275.5	3.14828e-47
276	3.14828e-47
276.5	2.38647e-47
277	2.38647e-47
277.5	2.29206e-47
278	2.29206e-47
278.5	3.26597e-47
279	3.26597e-47
279.5	3.34393e-47
280	3.34393e-47
280.5	2.39773e-47
281	2.39773e-47
281.5	3.10483e-47
282	3.10483e-47
282.5	3.6646e-47
283	3.6646e-47
283.5	2.75519e-47
284	2.75519e-47
284.5	3.34293e-47
285	3.34293e-47
285.5	2.99119e-47
286	2.99119e-47
286.5	3.72193e-47
287	3.72193e-47
287.5	2.87802e-47
288	2.87802e-47
288.5	3.08607e-47
289	3.08607e-47
289.5	2.61732e-47
290	2.61732e-47
290.5	3.28509e-47
291	3.28509e-47
291.5	2.88706e-47
292	2.88706e-47
292.5	2.31589e-47
293	2.31589e-47
293.5	3.24003e-47
294	3.24003e-47
294.5	2.92143e-47
295	2.92143e-47
295.5	2.44773e-47
296	2.44773e-47
296.5	2.77056e-47
297	2.77056e-47
297.5	2.39368e-47
298	2.39368e-47
298.5	5.1677e-47
299	5.1677e-47
299.5	2.02462e-47
300	2.02462e-47
300.5	3.48537e-47
301	3.48537e-47
301.5	2.57108e-47
302	2.57108e-47
302.5	3.47722e-47
303	3.47722e-47
303.5	4.35167e-47
304	4.35167e-47
304.5	4.22251e-47
305	4.22251e-47
305.5	2.93607e-47
306	2.93607e-47
306.5	2.96421e-47
307	2.96421e-47
307.5	3.76684e-47
308	3.76684e-47
308.5	3.28303e-47
309	3.28303e-47
309.5	2.71655e-47
310	2.71655e-47
310.5	2.51135e-47
311	2.51135e-47
311.5	2.68706e-47
312	2.68706e-47
312.5	2.66048e-47
313	2.66048e-47
313.5	3.19429e-47
314	3.19429e-47
314.5	3.1289e-47
315	3.1289e-47
315.5	2.13862e-47
316	2.13862e-47
316.5	2.87919e-47
317	2.87919e-47
317.5	2.23568e-47
318	2.23568e-47
318.5	2.52771e-47
319	2.52771e-47
319.5	3.03404e-47
320	3.03404e-47
320.5	3.6153e-47
321	3.6153e-47
321.5	3.35507e-47
322	3.35507e-47
322.5	2.03255e-47
323	2.03255e-47
323.5	2.99745e-47
324	2.99745e-47
324.5	3.49536e-47
325	3.49536e-47
325.5	2.40445e-47
326	2.40445e-47
326.5	3.38323e-47
327	3.38323e-47
327.5	3.70064e-47
328	3.70064e-47
328.5	3.11626e-47
329	3.11626e-47
329.5	3.47854e-47
330	3.47854e-47
330.5	4.13049e-47
331	4.13049e-47
331.5	6.44802e-47
332	6.44802e-47
332.5	4.84898e-47
333	4.84898e-47
333.5	3.73173e-47
334	3.73173e-47
334.5	3.1581e-47
335	3.1581e-47
335.5	2.89825e-47
336	2.89825e-47
336.5	2.86815e-47
337	2.86815e-47
337.5	4.32219e-47
338	4.32219e-47
338.5	2.87005e-47
339	2.87005e-47
339.5	3.20438e-47
340	3.20438e-47
340.5	2.97991e-47
341	2.97991e-47
341.5	4.31927e-47
342	4.31927e-47
342.5	3.46182e-47
343	3.46182e-47
343.5	3.02092e-47
344	3.02092e-47
344.5	4.55308e-47
345	4.55308e-47
345.5	2.90064e-47
346	2.90064e-47
346.5	2.42904e-47
347	2.42904e-47
347.5	3.05152e-47
348	3.05152e-47
348.5	3.15121e-47
349	3.15121e-47
349.5	2.58194e-47
350	2.58194e-47
350.5	4.33837e-47
351	4.33837e-47
351.5	2.83159e-47
352	2.83159e-47
352.5	3.44708e-47
353	3.44708e-47
353.5	2.4962e-47
354	2.4962e-47
354.5	3.82554e-47
355	3.82554e-47
355.5	2.9915e-47
356	2.9915e-47
356.5	3.39304e-47
357	3.39304e-47
357.5	2.87588e-47
358	2.87588e-47
358.5	3.43633e-47
359	3.43633e-47
359.5	2.78518e-47
360	2.78518e-47
360.5	2.59804e-47
361	2.59804e-47
361.5	4.46704e-47
362	4.46704e-47
362.5	3.22091e-47
363	3.22091e-47
363.5	3.90385e-47
364	3.90385e-47
364.5	2.90819e-47
365	2.90819e-47
365.5	2.75973e-47
366	2.75973e-47
366.5	4.03971e-47
367	4.03971e-47
367.5	3.20349e-47
368	3.20349e-47
368.5	2.37582e-47
369	2.37582e-47
369.5	2.95572e-47
370	2.95572e-47
370.5	3.45579e-47
371	3.45579e-47
371.5	3.84426e-47
372	3.84426e-47
372.5	3.97336e-47
373	3.97336e-47
373.5	3.75909e-47
374	3.75909e-47
374.5	2.62539e-47
375	2.62539e-47
375.5	3.70457e-47
376	3.70457e-47
376.5	2.66344e-47
377	2.66344e-47
377.5	3.16376e-47
378	3.16376e-47
378.5	3.98987e-47
379	3.98987e-47
379.5	2.48872e-47
380	2.48872e-47
380.5	2.77292e-47
381	2.77292e-47
381.5	2.18766e-47
382	2.18766e-47
382.5	3.75853e-47
383	3.75853e-47
383.5	3.73247e-47
384	3.73247e-47
384.5	3.13266e-47
385	3.13266e-47
385.5	3.76238e-47
386	3.76238e-47
386.5	4.47516e-47
387	4.47516e-47
387.5	3.26093e-47
388	3.26093e-47
388.5	3.26901e-47
389	3.26901e-47
389.5	3.03709e-47
390	3.03709e-47
390.5	3.0175e-47
391	3.0175e-47
391.5	2.86104e-47
392	2.86104e-47
392.5	3.47367e-47
393	3.47367e-47
393.5	2.96002e-47
394	2.96002e-47
394.5	3.04697e-47
395	3.04697e-47
395.5	3.14345e-47
396	3.14345e-47
396.5	4.29609e-47
397	4.29609e-47
397.5	3.15869e-47
398	3.15869e-47
398.5	3.39102e-47
399	3.39102e-47
399.5	2.65196e-47
400	2.65196e-47
400.5	3.45546e-47
401	3.45546e-47
401.5	4.25384e-47
402	4.25384e-47
402.5	3.91634e-47
403	3.91634e-47
403.5	3.06677e-47
404	3.06677e-47
404.5	4.05843e-47
405	4.05843e-47
405.5	3.88895e-47
406	3.88895e-47
406.5	4.43424e-47
407	4.43424e-47
407.5	3.07295e-47
408	3.07295e-47
408.5	2.93243e-47
409	2.93243e-47
409.5	3.29212e-47
410	3.29212e-47
410.5	3.50806e-47
411	3.50806e-47
411.5	4.27587e-47
412	4.27587e-47
412.5	3.71937e-47
413	3.71937e-47
413.5	3.20492e-47
414	3.20492e-47
414.5	3.1394e-47
415	3.1394e-47
415.5	3.35541e-47
416	3.35541e-47
416.5	3.65884e-47
417	3.65884e-47
417.5	3.39511e-47
418	3.39511e-47
418.5	2.95317e-47
419	2.95317e-47
419.5	5.09059e-47
420	5.09059e-47
420.5	3.63605e-47
421	3.63605e-47
421.5	4.31894e-47
422	4.31894e-47
422.5	2.76508e-47
423	2.76508e-47
423.5	3.77795e-47
424	3.77795e-47
424.5	3.63484e-47
425	3.63484e-47
425.5	2.88533e-47
426	2.88533e-47
426.5	2.40466e-47
427	2.40466e-47
427.5	3.7995e-47
428	3.7995e-47
428.5	3.18656e-47
429	3.18656e-47
429.5	4.16006e-47
430	4.16006e-47
430.5	5.51403e-47
431	5.51403e-47
431.5	3.7751e-47
432	3.7751e-47
432.5	4.30077e-47
433	4.30077e-47
433.5	3.8619e-47
434	3.8619e-47
434.5	3.27363e-47
435	3.27363e-47
435.5	3.25266e-47
436	3.25266e-47
436.5	4.65044e-47
437	4.65044e-47
437.5	4.75731e-47
438	4.75731e-47
438.5	3.89943e-47
439	3.89943e-47
439.5	2.33691e-47
440	2.33691e-47
440.5	4.18356e-47
441	4.18356e-47
441.5	3.70256e-47
442	3.70256e-47
442.5	4.96113e-47
443	4.96113e-47
443.5	3.97018e-47
444	3.97018e-47
444.5	4.31142e-47
445	4.31142e-47
445.5	3.63676e-47
446	3.63676e-47
446.5	4.1569e-47
447	4.1569e-47
447.5	4.18881e-47
448	4.18881e-47
448.5	3.91632e-47
449	3.91632e-47
449.5	4.06564e-47
450	4.06564e-47
450.5	4.36108e-47
451	4.36108e-47
451.5	4.91639e-47
452	4.91639e-47
452.5	4.4094e-47
453	4.4094e-47
453.5	3.3366e-47
454	3.3366e-47
454.5	5.98158e-47
455	5.98158e-47
455.5	4.90662e-47
456	4.90662e-47
456.5	3.17526e-47
457	3.17526e-47
457.5	4.10856e-47
458	4.10856e-47
458.5	4.00251e-47
459	4.00251e-47
459.5	3.74341e-47
460	3.74341e-47
460.5	3.71494e-47
461	3.71494e-47
461.5	3.554e-47
462	3.554e-47
462.5	5.95052e-47
463	5.95052e-47
463.5	3.79543e-47
464	3.79543e-47
464.5	5.15372e-47
465	5.15372e-47
465.5	4.53165e-47
466	4.53165e-47
466.5	5.30527e-47
467	5.30527e-47
467.5	5.62393e-47
468	5.62393e-47
468.5	4.90919e-47
469	4.90919e-47
469.5	5.3686e-47
470	5.3686e-47
470.5	7.08499e-47
471	7.08499e-47
471.5	7.51188e-47
472	7.51188e-47
472.5	6.86157e-47
473	6.86157e-47
473.5	7.49152e-47
474	7.49152e-47
474.5	7.66181e-47
475	7.66181e-47
475.5	8.65314e-47
476	8.65314e-47
476.5	5.44341e-47
477	5.44341e-47
477.5	7.98304e-47
478	7.98304e-47
478.5	6.2074e-47
479	6.2074e-47
479.5	5.39651e-47
480	5.39651e-47
480.5	4.05994e-47
481	4.05994e-47
481.5	4.35039e-47
482	4.35039e-47
482.5	4.85894e-47
483	4.85894e-47
483.5	4.71915e-47
484	4.71915e-47
484.5	5.99102e-47
485	5.99102e-47
485.5	4.70025e-47
486	4.70025e-47
486.5	5.75972e-47
487	5.75972e-47
487.5	4.08066e-47
488	4.08066e-47
488.5	5.26981e-47
489	5.26981e-47
489.5	5.30941e-47
490	5.30941e-47
490.5	6.00039e-47
491	6.00039e-47
491.5	3.6748e-47
492	3.6748e-47
492.5	4.1302e-47
493	4.1302e-47
493.5	4.71992e-47
494	4.71992e-47
494.5	4.34461e-47
495	4.34461e-47
495.5	5.77802e-47
496	5.77802e-47
496.5	6.47794e-47
497	6.47794e-47
497.5	4.49908e-47
498	4.49908e-47
498.5	4.1045e-47
499	4.1045e-47
499.5	6.96135e-47
500	6.96135e-47
500.5	6.99929e-47
501	6.99929e-47
501.5	1.03891e-46
502	1.03891e-46
502.5	5.20878e-46
503	5.20878e-46
503.5	5.21958e-46
504	5.21958e-46
504.5	3.44018e-46
505	3.44018e-46
505.5	8.09597e-47
506	8.09597e-47
506.5	9.84362e-46
507	9.84362e-46
507.5	1.98166e-46
508	1.98166e-46
508.5	3.96777e-47
509	3.96777e-47
509.5	6.70396e-46
510	6.70396e-46
510.5	1.01259e-43
511	1.01259e-43
511.5	0.00012207
